Number of Documents : 6042
Average length : 701.8700761337305
Longest doc length : 24260
Number of unique words in corpus : 215287
Longest doc length : 24260
DocID |	Length
406
6548
759
642
445
815
846
363
915
326
718
417
3240
2818
5687
416
882
787
356
872
1033
1642
544
901
1712
1308
512
728
1190
1911
587
676
5838
1691
759
149
1587
849
344
342
775
3492
893
510
2415
486
3065
217
586
545
1225
915
268
300
323
367
4226
640
503
321
633
677
1492
285
970
776
411
739
317
586
1041
1085
985
291
1731
281
552
1833
822
370
2072
578
401
662
612
1648
253
2432
1738
4301
551
870
883
373
757
11203
893
435
1225
467
392
330
321
234
357
673
260
2430
377
776
2773
5535
597
2158
828
3592
411
453
735
507
847
827
1963
812
3386
4693
2086
498
6445
815
1136
1652
644
1284
333
574
729
3338
267
353
1120
1702
5877
994
835
1883
1928
289
849
299
550
448
921
403
2474
573
513
886
544
412
613
1376
573
783
748
505
385
459
2999
1427
301
4855
953
357
890
698
545
369
1130
430
857
503
1650
1490
391
1488
1125
566
439
1740
885
374
1663
353
854
1996
5749
1641
1174
324
559
945
660
1040
1617
956
2010
479
1165
1072
1245
1759
739
461
2748
657
632
996
1398
1067
440
919
1021
609
1031
1254
921
1781
443
402
464
474
335
403
4329
3199
293
467
2828
874
457
672
2953
665
353
499
756
606
261
895
1112
860
4868
1081
1077
419
1142
630
1811
289
373
790
273
281
2177
6875
1308
813
436
1161
1372
938
4860
309
2278
907
1894
1325
547
624
250
2262
1288
5534
508
365
1355
8307
1086
2446
543
1179
625
376
1700
778
885
11353
601
487
5663
5011
880
259
299
390
749
520
339
406
2015
493
2268
574
803
835
358
1023
2509
748
2226
265
386
472
634
692
509
2134
3840
411
661
241
1389
4757
1360
202
363
832
8964
375
1871
2098
387
763
337
210
484
277
1760
1261
1356
363
257
749
2162
479
6902
514
436
581
2495
422
423
749
1446
419
236
379
581
1234
494
467
7568
1676
297
1507
4144
4658
363
820
389
814
5212
220
743
752
847
608
330
1176
265
457
705
325
1181
151
389
1961
602
732
398
771
326
264
647
673
1365
3999
727
3359
375
2177
3053
366
1795
342
1829
962
11535
1877
1521
749
3524
1506
661
1549
730
3271
686
1405
757
2156
2458
298
604
8415
1571
2020
594
4398
7093
232
496
296
1049
2112
798
1354
705
224
512
648
692
3120
1338
521
937
1512
1731
2969
14214
380
1014
367
1205
2338
530
539
786
302
270
263
955
1591
1231
1158
813
528
2605
691
1586
4406
2541
430
881
699
303
820
807
8120
618
631
1489
913
275
410
576
622
531
1667
364
297
418
432
4091
690
418
10513
1924
1408
330
444
446
1131
5069
433
447
1573
348
2886
5370
238
943
1338
1355
804
3257
12248
6073
1647
4903
3152
6795
1972
1254
2680
1574
743
2440
601
1835
1389
691
2815
749
1277
676
966
959
3362
419
1668
412
507
293
258
1254
587
5290
381
1144
687
467
624
2044
1048
810
604
2894
309
2974
318
938
352
234
1071
554
388
421
409
612
348
1192
5333
484
243
2316
1721
218
562
530
276
721
537
618
505
521
1236
1919
599
1563
274
711
732
371
315
1878
503
450
356
428
1011
7338
324
413
268
275
390
910
1815
10091
511
1035
834
1105
677
617
667
1496
561
756
1060
345
558
1783
1599
2500
466
3961
420
547
219
3789
1063
258
1369
324
534
859
907
473
666
211
888
506
2077
261
3045
679
5146
864
293
771
562
359
846
1745
1124
3166
460
927
6359
762
906
3454
5935
427
749
1808
1187
3721
526
1308
280
1792
1519
1236
9094
291
614
566
485
932
944
619
1172
997
719
2365
1380
364
412
1215
285
417
340
7814
477
250
609
1330
658
864
1324
377
245
655
1892
601
1234
402
1203
438
1163
456
1121
770
794
1010
1538
1100
651
2489
927
1273
1230
399
437
1860
2580
9147
730
749
2797
335
1363
508
1956
4110
224
535
649
2959
4822
1347
2894
791
814
301
392
693
459
1613
3592
4612
1055
7378
370
1085
274
1119
2044
373
9291
644
347
962
730
2455

Frequency statistics for the term probabilistic
Number of documents containing the word probabilistic : 4
Total frequency of term probabilistic: 6

Frequency statistics for the term analysis
Number of documents containing the word analysis : 149
Total frequency of term analysis: 243

Frequency statistics for the term decision
Number of documents containing the word decision : 128
Total frequency of term decision: 239

Frequency statistics for the term model
Number of documents containing the word model : 210
Total frequency of term model: 418
