Number of Documents : 6042
Average length : 701.8700761337305
Longest doc length : 24260
Number of unique words in corpus : 215287

Frequency statistics for the term probabilistic
Number of documents containing the word probabilistic : 4
Total frequency of term probabilistic: 6

Frequency statistics for the term analysis
Number of documents containing the word analysis : 149
Total frequency of term analysis: 243

Frequency statistics for the term decision
Number of documents containing the word decision : 128
Total frequency of term decision: 239

Frequency statistics for the term model
Number of documents containing the word model : 210
Total frequency of term model: 418
0	406
1	231
2	403
3	6548
4	200
5	1078
6	538
7	860
8	165
9	1079
10	608
11	759
12	229
13	1122
14	1960
15	644
16	601
17	642
18	178
19	644
20	442
21	246
22	1080
23	591
24	156
25	147
26	355
27	403
28	445
29	1205
30	274
31	231
32	463
33	815
34	664
35	846
36	362
37	242
38	1367
39	380
40	1012
41	3270
42	541
43	913
44	485
45	338
46	149
47	429
48	722
49	260
50	491
51	616
52	751
53	1151
54	360
55	1268
56	330
57	159
58	617
59	231
60	160
61	348
62	318
63	1753
64	363
65	247
66	494
67	663
68	301
69	351
70	302
71	5605
72	1103
73	1667
74	327
75	325
76	824
77	915
78	326
79	270
80	571
81	444
82	306
83	379
84	635
85	540
86	3002
87	2655
88	888
89	165
90	718
91	345
92	542
93	607
94	360
95	326
96	277
97	373
98	221
99	222
100	628
101	207
102	417
103	3240
104	486
105	2818
106	1366
107	559
108	422
109	5687
110	188
111	168
112	572
113	906
114	206
115	216
116	221
117	428
118	385
119	481
120	213
121	785
122	416
123	270
124	1268
125	2540
126	593
127	189
128	882
129	167
130	649
131	1216
132	173
133	393
134	254
135	202
136	787
137	194
138	321
139	336
140	631
141	328
142	1370
143	976
144	292
145	255
146	373
147	2426
148	625
149	727
150	211
151	356
152	217
153	597
154	200
155	169
156	647
157	177
158	336
159	303
160	174
161	894
162	215
163	203
164	872
165	507
166	1371
167	185
168	1033
169	331
170	294
171	639
172	297
173	950
174	314
175	333
176	1491
177	530
178	323
179	409
180	550
181	598
182	265
183	1365
184	1405
185	282
186	259
187	2961
188	637
189	1642
190	422
191	544
192	1228
193	1926
194	332
195	164
196	177
197	901
198	1712
199	1308
200	435
201	271
202	788
203	564
204	466
205	420
206	4828
207	621
208	2138
209	223
210	3108
211	311
212	708
213	255
214	293
215	255
216	967
217	623
218	1759
219	471
220	448
221	512
222	294
223	193
224	245
225	654
226	1042
227	1455
228	238
229	207
230	360
231	728
232	299
233	380
234	1190
235	815
236	1108
237	3178
238	339
239	1978
240	272
241	1857
242	433
243	282
244	151
245	1212
246	1462
247	184
248	288
249	1911
250	638
251	166
252	253
253	199
254	494
255	197
256	587
257	885
258	183
259	676
260	409
261	453
262	245
263	1888
264	449
265	403
266	1275
267	5838
268	259
269	2247
270	352
271	371
272	1691
273	342
274	181
275	339
276	399
277	520
278	546
279	1562
280	1173
281	842
282	260
283	433
284	881
285	303
286	597
287	446
288	216
289	1369
290	772
291	759
292	616
293	210
294	1551
295	209
296	220
297	536
298	656
299	216
300	887
301	240
302	300
303	194
304	831
305	296
306	233
307	364
308	149
309	413
310	468
311	306
312	219
313	261
314	1587
315	232
316	239
317	337
318	317
319	402
320	210
321	374
322	1704
323	1059
324	194
325	1394
326	2348
327	402
328	639
329	725
330	253
331	849
332	235
333	1226
334	947
335	300
336	241
337	929
338	209
339	522
340	370
341	203
342	488
343	344
344	356
345	223
346	2073
347	252
348	342
349	173
350	775
351	265
352	303
353	259
354	2568
355	291
356	292
357	179
358	237
359	315
360	251
361	287
362	1191
363	1889
364	386
365	178
366	3492
367	683
368	665
369	176
370	228
371	973
372	1666
373	583
374	404
375	456
376	422
377	170
378	312
379	191
380	264
381	325
382	172
383	359
384	743
385	269
386	287
387	632
388	893
389	530
390	943
391	638
392	417
393	2042
394	1455
395	649
396	243
397	645
398	259
399	782
400	623
401	417
402	1047
403	354
404	314
405	258
406	325
407	291
408	180
409	510
410	2415
411	486
412	488
413	1574
414	314
415	3065
416	250
417	303
418	1055
419	385
420	448
421	541
422	1341
423	143
424	592
425	358
426	242
427	577
428	303
429	217
430	164
431	767
432	586
433	615
434	2108
435	2042
436	1191
437	1005
438	679
439	589
440	258
441	256
442	664
443	545
444	1435
445	446
446	232
447	403
448	218
449	193
450	358
451	247
452	729
453	664
454	209
455	283
456	631
457	338
458	211
459	1225
460	263
461	141
462	384
463	354
464	664
465	642
466	224
467	198
468	2433
469	1049
470	915
471	500
472	347
473	366
474	1317
475	268
476	633
477	438
478	390
479	1273
480	627
481	474
482	861
483	200
484	840
485	372
486	311
487	154
488	198
489	195
490	300
491	323
492	1415
493	174
494	905
495	367
496	1646
497	495
498	4226
499	1640
500	391
501	640
502	400
503	166
504	224
505	503
506	321
507	386
508	1254
509	1893
510	1838
511	1065
512	610
513	633
514	251
515	681
516	3707
517	423
518	566
519	261
520	212
521	703
522	677
523	538
524	181
525	321
526	296
527	615
528	1492
529	350
530	302
531	180
532	1021
533	566
534	288
535	635
536	461
537	165
538	285
539	2392
540	605
541	970
542	190
543	291
544	317
545	155
546	159
547	468
548	321
549	260
550	386
551	672
552	215
553	267
554	304
555	221
556	1216
557	252
558	403
559	1722
560	219
561	921
562	241
563	953
564	419
565	776
566	219
567	1117
568	775
569	246
570	183
571	1167
572	217
573	305
574	468
575	763
576	443
577	1105
578	165
579	231
580	282
581	345
582	735
583	364
584	314
585	501
586	411
587	281
588	238
589	368
590	223
591	319
592	425
593	468
594	872
595	202
596	599
597	370
598	176
599	1267
600	400
601	235
602	347
603	686
604	193
605	182
606	303
607	342
608	891
609	193
610	739
611	289
612	265
613	691
614	218
615	228
616	255
617	204
618	646
619	472
620	206
621	3080
622	224
623	708
624	386
625	686
626	337
627	317
628	201
629	253
630	1073
631	518
632	262
633	214
634	672
635	353
636	232
637	1473
638	586
639	152
640	255
641	358
642	192
643	252
644	281
645	298
646	1041
647	170
648	562
649	1085
650	1070
651	985
652	774
653	291
654	1731
655	204
656	204
657	435
658	232
659	280
660	458
661	382
662	357
663	324
664	301
665	488
666	490
667	796
668	299
669	1126
670	584
671	331
672	281
673	745
674	254
675	552
676	3835
677	201
678	195
679	188
680	351
681	191
682	191
683	206
684	906
685	319
686	1833
687	290
688	822
689	1021
690	385
691	485
692	684
693	157
694	240
695	791
696	446
697	370
698	190
699	391
700	198
701	295
702	198
703	233
704	292
705	400
706	614
707	2072
708	1685
709	600
710	2817
711	489
712	399
713	578
714	633
715	698
716	246
717	315
718	471
719	356
720	484
721	783
722	365
723	294
724	553
725	320
726	260
727	401
728	262
729	240
730	662
731	612
732	1648
733	329
734	302
735	1240
736	204
737	1206
738	265
739	354
740	435
741	273
742	480
743	1643
744	325
745	244
746	561
747	267
748	214
749	2405
750	253
751	1192
752	428
753	324
754	442
755	219
756	430
757	354
758	2432
759	497
760	440
761	335
762	241
763	290
764	787
765	4069
766	402
767	1508
768	368
769	1738
770	290
771	648
772	501
773	628
774	285
775	332
776	360
777	516
778	180
779	477
780	4301
781	219
782	223
783	439
784	273
785	617
786	585
787	551
788	176
789	720
790	805
791	430
792	309
793	870
794	883
795	587
796	580
797	348
798	503
799	221
800	249
801	507
802	878
803	552
804	286
805	373
806	224
807	757
808	355
809	466
810	556
811	278
812	184
813	197
814	592
815	196
816	266
817	205
818	219
819	892
820	294
821	387
822	325
823	1852
824	1108
825	209
826	416
827	364
828	407
829	688
830	419
831	182
832	11203
833	197
834	208
835	231
836	466
837	710
838	2090
839	1129
840	409
841	258
842	331
843	207
844	258
845	563
846	183
847	216
848	559
849	917
850	335
851	226
852	2581
853	351
854	365
855	235
856	500
857	408
858	779
859	860
860	248
861	1194
862	240
863	893
864	1414
865	790
866	1339
867	204
868	435
869	1282
870	196
871	789
872	200
873	919
874	648
875	1225
876	541
877	475
878	253
879	1351
880	467
881	379
882	190
883	576
884	1341
885	300
886	298
887	297
888	284
889	387
890	444
891	392
892	324
893	364
894	684
895	347
896	452
897	599
898	390
899	334
900	432
901	505
902	746
903	162
904	159
905	289
906	244
907	323
908	536
909	189
910	264
911	302
912	1166
913	516
914	207
915	262
916	306
917	330
918	494
919	321
920	234
921	265
922	194
923	179
924	811
925	241
926	4207
927	216
928	285
929	357
930	565
931	673
932	446
933	288
934	1244
935	385
936	249
937	260
938	396
939	206
940	170
941	243
942	199
943	405
944	325
945	2430
946	1241
947	781
948	159
949	255
950	976
951	189
952	194
953	1011
954	1139
955	715
956	243
957	159
958	377
959	647
960	168
961	267
962	415
963	518
964	807
965	776
966	2773
967	199
968	684
969	424
970	170
971	521
972	244
973	193
974	1641
975	1562
976	933
977	931
978	285
979	454
980	220
981	217
982	217
983	5535
984	246
985	341
986	597
987	1183
988	182
989	2158
990	264
991	1595
992	408
993	389
994	828
995	1497
996	8671
997	708
998	308
999	176
1000	271
1001	3592
1002	677
1003	739
1004	411
1005	188
1006	194
1007	321
1008	605
1009	2025
1010	858
1011	272
1012	604
1013	145
1014	675
1015	453
1016	178
1017	514
1018	198
1019	403
1020	474
1021	763
1022	182
1023	249
1024	184
1025	263
1026	151
1027	482
1028	204
1029	455
1030	735
1031	436
1032	600
1033	499
1034	216
1035	196
1036	335
1037	490
1038	224
1039	1284
1040	507
1041	180
1042	232
1043	315
1044	847
1045	825
1046	267
1047	451
1048	406
1049	291
1050	477
1051	2631
1052	219
1053	524
1054	1269
1055	827
1056	1504
1057	1963
1058	220
1059	812
1060	1357
1061	568
1062	228
1063	160
1064	229
1065	213
1066	613
1067	238
1068	174
1069	236
1070	221
1071	1089
1072	454
1073	188
1074	291
1075	349
1076	183
1077	205
1078	491
1079	247
1080	302
1081	391
1082	461
1083	183
1084	3386
1085	4693
1086	512
1087	393
1088	531
1089	2086
1090	498
1091	166
1092	6445
1093	815
1094	1601
1095	332
1096	714
1097	623
1098	441
1099	414
1100	257
1101	1732
1102	186
1103	327
1104	169
1105	294
1106	157
1107	973
1108	1136
1109	140
1110	488
1111	200
1112	808
1113	581
1114	421
1115	342
1116	293
1117	411
1118	204
1119	793
1120	341
1121	689
1122	3418
1123	1652
1124	253
1125	843
1126	493
1127	203
1128	559
1129	782
1130	188
1131	294
1132	308
1133	810
1134	179
1135	323
1136	218
1137	343
1138	641
1139	295
1140	222
1141	375
1142	1328
1143	959
1144	168
1145	424
1146	250
1147	715
1148	607
1149	644
1150	259
1151	1169
1152	928
1153	520
1154	1284
1155	556
1156	260
1157	333
1158	191
1159	314
1160	347
1161	1608
1162	545
1163	1223
1164	172
1165	390
1166	294
1167	281
1168	149
1169	1010
1170	167
1171	196
1172	2535
1173	574
1174	233
1175	327
1176	227
1177	544
1178	211
1179	295
1180	729
1181	628
1182	160
1183	296
1184	174
1185	318
1186	869
1187	1840
1188	444
1189	3338
1190	184
1191	414
1192	430
1193	267
1194	433
1195	185
1196	198
1197	505
1198	164
1199	353
1200	177
1201	155
1202	350
1203	185
1204	172
1205	305
1206	1120
1207	1702
1208	372
1209	1022
1210	169
1211	742
1212	342
1213	245
1214	992
1215	1593
1216	5877
1217	212
1218	408
1219	165
1220	994
1221	835
1222	1330
1223	202
1224	1883
1225	1928
1226	174
1227	447
1228	503
1229	200
1230	289
1231	918
1232	925
1233	512
1234	331
1235	2987
1236	437
1237	1175
1238	407
1239	151
1240	160
1241	617
1242	399
1243	427
1244	389
1245	266
1246	307
1247	570
1248	1596
1249	742
1250	289
1251	188
1252	2126
1253	319
1254	194
1255	363
1256	216
1257	278
1258	144
1259	808
1260	177
1261	216
1262	849
1263	430
1264	234
1265	887
1266	248
1267	1544
1268	187
1269	186
1270	253
1271	352
1272	867
1273	293
1274	566
1275	726
1276	463
1277	165
1278	1201
1279	299
1280	202
1281	915
1282	213
1283	291
1284	410
1285	322
1286	1254
1287	845
1288	565
1289	156
1290	1035
1291	541
1292	130
1293	188
1294	281
1295	1289
1296	876
1297	379
1298	902
1299	375
1300	188
1301	314
1302	164
1303	171
1304	944
1305	397
1306	196
1307	152
1308	198
1309	239
1310	889
1311	333
1312	550
1313	150
1314	1111
1315	754
1316	448
1317	619
1318	267
1319	273
1320	281
1321	684
1322	255
1323	921
1324	791
1325	244
1326	909
1327	352
1328	403
1329	237
1330	301
1331	401
1332	176
1333	2474
1334	573
1335	513
1336	886
1337	598
1338	235
1339	544
1340	501
1341	375
1342	768
1343	646
1344	243
1345	248
1346	1060
1347	357
1348	412
1349	613
1350	580
1351	199
1352	513
1353	1376
1354	905
1355	285
1356	573
1357	1189
1358	368
1359	248
1360	342
1361	187
1362	349
1363	222
1364	718
1365	2757
1366	584
1367	783
1368	860
1369	1399
1370	183
1371	315
1372	748
1373	1592
1374	316
1375	451
1376	208
1377	694
1378	291
1379	1034
1380	303
1381	233
1382	260
1383	221
1384	226
1385	345
1386	640
1387	284
1388	1580
1389	814
1390	513
1391	628
1392	163
1393	643
1394	288
1395	1256
1396	448
1397	839
1398	255
1399	798
1400	292
1401	1784
1402	505
1403	385
1404	169
1405	555
1406	250
1407	405
1408	2040
1409	737
1410	459
1411	182
1412	674
1413	309
1414	632
1415	355
1416	352
1417	2999
1418	1427
1419	4094
1420	444
1421	337
1422	441
1423	851
1424	455
1425	265
1426	1604
1427	284
1428	201
1429	552
1430	505
1431	198
1432	301
1433	436
1434	531
1435	326
1436	425
1437	409
1438	604
1439	891
1440	979
1441	501
1442	1305
1443	463
1444	4855
1445	453
1446	219
1447	1590
1448	415
1449	402
1450	283
1451	362
1452	392
1453	328
1454	313
1455	953
1456	1763
1457	194
1458	357
1459	465
1460	665
1461	337
1462	404
1463	587
1464	890
1465	232
1466	241
1467	665
1468	657
1469	3086
1470	453
1471	1873
1472	420
1473	308
1474	385
1475	698
1476	545
1477	369
1478	234
1479	230
1480	222
1481	233
1482	1504
1483	309
1484	285
1485	248
1486	303
1487	457
1488	314
1489	790
1490	196
1491	1130
1492	246
1493	192
1494	775
1495	403
1496	603
1497	430
1498	232
1499	239
1500	1502
1501	157
1502	857
1503	289
1504	503
1505	500
1506	376
1507	290
1508	577
1509	716
1510	256
1511	367
1512	1650
1513	434
1514	230
1515	267
1516	231
1517	949
1518	286
1519	451
1520	546
1521	232
1522	292
1523	303
1524	339
1525	929
1526	688
1527	1064
1528	239
1529	185
1530	566
1531	314
1532	225
1533	150
1534	377
1535	665
1536	1490
1537	553
1538	193
1539	203
1540	391
1541	3464
1542	902
1543	895
1544	423
1545	1157
1546	622
1547	1488
1548	1125
1549	566
1550	204
1551	328
1552	232
1553	889
1554	263
1555	494
1556	982
1557	235
1558	747
1559	256
1560	2437
1561	439
1562	1740
1563	842
1564	314
1565	183
1566	308
1567	2137
1568	248
1569	581
1570	286
1571	430
1572	3462
1573	515
1574	194
1575	620
1576	710
1577	601
1578	860
1579	558
1580	885
1581	1020
1582	383
1583	836
1584	411
1585	296
1586	324
1587	240
1588	231
1589	331
1590	328
1591	164
1592	1443
1593	1676
1594	232
1595	161
1596	1598
1597	356
1598	626
1599	200
1600	887
1601	345
1602	297
1603	237
1604	308
1605	541
1606	374
1607	484
1608	321
1609	310
1610	1663
1611	286
1612	665
1613	476
1614	318
1615	404
1616	172
1617	353
1618	199
1619	854
1620	730
1621	175
1622	275
1623	1842
1624	284
1625	627
1626	197
1627	414
1628	1620
1629	324
1630	1996
1631	391
1632	523
1633	783
1634	2730
1635	863
1636	364
1637	637
1638	209
1639	857
1640	282
1641	5749
1642	218
1643	471
1644	310
1645	281
1646	181
1647	230
1648	295
1649	1641
1650	522
1651	682
1652	2041
1653	861
1654	1174
1655	693
1656	324
1657	389
1658	173
1659	347
1660	226
1661	402
1662	308
1663	391
1664	226
1665	225
1666	192
1667	1072
1668	233
1669	220
1670	559
1671	945
1672	660
1673	1040
1674	895
1675	1617
1676	425
1677	956
1678	2010
1679	258
1680	156
1681	599
1682	479
1683	229
1684	252
1685	1165
1686	1072
1687	1483
1688	240
1689	924
1690	1245
1691	1759
1692	839
1693	229
1694	3214
1695	248
1696	229
1697	739
1698	461
1699	947
1700	840
1701	2748
1702	300
1703	657
1704	899
1705	280
1706	632
1707	479
1708	399
1709	996
1710	644
1711	1398
1712	1067
1713	630
1714	668
1715	305
1716	266
1717	213
1718	217
1719	502
1720	780
1721	264
1722	440
1723	220
1724	472
1725	233
1726	218
1727	193
1728	1089
1729	159
1730	204
1731	255
1732	229
1733	229
1734	411
1735	427
1736	1013
1737	919
1738	318
1739	608
1740	196
1741	262
1742	267
1743	1021
1744	175
1745	499
1746	414
1747	422
1748	434
1749	609
1750	1031
1751	1254
1752	280
1753	276
1754	218
1755	921
1756	356
1757	330
1758	278
1759	364
1760	230
1761	359
1762	1787
1763	1781
1764	602
1765	310
1766	367
1767	434
1768	748
1769	1460
1770	483
1771	780
1772	443
1773	590
1774	402
1775	221
1776	464
1777	357
1778	474
1779	313
1780	734
1781	209
1782	353
1783	249
1784	335
1785	168
1786	294
1787	431
1788	383
1789	403
1790	237
1791	848
1792	767
1793	199
1794	940
1795	371
1796	320
1797	837
1798	330
1799	483
1800	390
1801	2114
1802	2080
1803	1653
1804	3676
1805	4329
1806	3199
1807	302
1808	289
1809	850
1810	942
1811	293
1812	229
1813	385
1814	433
1815	2032
1816	626
1817	3008
1818	181
1819	467
1820	208
1821	2828
1822	196
1823	313
1824	342
1825	421
1826	132
1827	189
1828	292
1829	379
1830	874
1831	899
1832	231
1833	1319
1834	757
1835	1068
1836	575
1837	529
1838	621
1839	587
1840	261
1841	391
1842	1408
1843	282
1844	162
1845	914
1846	902
1847	215
1848	240
1849	267
1850	191
1851	457
1852	556
1853	1794
1854	502
1855	226
1856	672
1857	1172
1858	449
1859	669
1860	832
1861	354
1862	318
1863	2953
1864	429
1865	206
1866	1461
1867	536
1868	173
1869	665
1870	165
1871	353
1872	3846
1873	273
1874	880
1875	587
1876	499
1877	240
1878	756
1879	196
1880	256
1881	445
1882	476
1883	339
1884	195
1885	236
1886	1094
1887	249
1888	874
1889	430
1890	425
1891	1455
1892	1364
1893	1914
1894	179
1895	455
1896	606
1897	465
1898	246
1899	193
1900	890
1901	1438
1902	261
1903	161
1904	222
1905	584
1906	462
1907	529
1908	1192
1909	895
1910	201
1911	6398
1912	212
1913	724
1914	1112
1915	2459
1916	433
1917	563
1918	242
1919	154
1920	376
1921	366
1922	402
1923	245
1924	328
1925	2572
1926	230
1927	204
1928	908
1929	518
1930	860
1931	159
1932	245
1933	675
1934	164
1935	4868
1936	2088
1937	495
1938	445
1939	636
1940	1081
1941	857
1942	941
1943	996
1944	191
1945	259
1946	606
1947	404
1948	467
1949	794
1950	1077
1951	701
1952	2307
1953	296
1954	419
1955	1624
1956	330
1957	465
1958	1173
1959	1142
1960	298
1961	628
1962	781
1963	211
1964	317
1965	343
1966	750
1967	630
1968	981
1969	777
1970	210
1971	691
1972	232
1973	800
1974	630
1975	815
1976	161
1977	165
1978	522
1979	508
1980	982
1981	270
1982	443
1983	557
1984	161
1985	548
1986	1811
1987	254
1988	203
1989	547
1990	583
1991	289
1992	1242
1993	218
1994	650
1995	451
1996	373
1997	226
1998	790
1999	1521
2000	439
2001	244
2002	552
2003	712
2004	448
2005	232
2006	270
2007	437
2008	178
2009	207
2010	273
2011	349
2012	471
2013	231
2014	215
2015	184
2016	321
2017	363
2018	303
2019	155
2020	626
2021	169
2022	292
2023	161
2024	1056
2025	194
2026	524
2027	172
2028	281
2029	218
2030	663
2031	179
2032	1915
2033	280
2034	649
2035	284
2036	302
2037	994
2038	2304
2039	271
2040	183
2041	167
2042	343
2043	407
2044	164
2045	1099
2046	200
2047	1254
2048	201
2049	639
2050	662
2051	287
2052	522
2053	575
2054	531
2055	2222
2056	2177
2057	6875
2058	160
2059	1308
2060	955
2061	184
2062	332
2063	292
2064	491
2065	813
2066	1217
2067	1535
2068	324
2069	214
2070	2900
2071	173
2072	357
2073	274
2074	376
2075	200
2076	420
2077	461
2078	312
2079	153
2080	286
2081	469
2082	252
2083	387
2084	364
2085	324
2086	690
2087	383
2088	668
2089	170
2090	739
2091	545
2092	247
2093	532
2094	307
2095	436
2096	900
2097	161
2098	1161
2099	389
2100	1372
2101	225
2102	815
2103	217
2104	379
2105	176
2106	385
2107	2593
2108	839
2109	938
2110	320
2111	292
2112	471
2113	527
2114	1836
2115	186
2116	230
2117	4860
2118	825
2119	253
2120	336
2121	495
2122	309
2123	470
2124	573
2125	444
2126	483
2127	2278
2128	715
2129	376
2130	165
2131	254
2132	361
2133	687
2134	264
2135	288
2136	1202
2137	522
2138	370
2139	3698
2140	250
2141	175
2142	323
2143	598
2144	907
2145	4259
2146	289
2147	177
2148	1139
2149	1048
2150	1416
2151	165
2152	898
2153	391
2154	1894
2155	525
2156	298
2157	167
2158	1325
2159	547
2160	937
2161	624
2162	250
2163	2262
2164	360
2165	764
2166	457
2167	1254
2168	1288
2169	5534
2170	508
2171	303
2172	1067
2173	595
2174	237
2175	365
2176	1355
2177	267
2178	375
2179	324
2180	873
2181	1927
2182	343
2183	6879
2184	1207
2185	8307
2186	299
2187	445
2188	1086
2189	419
2190	2446
2191	578
2192	543
2193	1179
2194	176
2195	454
2196	326
2197	382
2198	709
2199	271
2200	362
2201	1988
2202	199
2203	575
2204	455
2205	459
2206	418
2207	1258
2208	220
2209	203
2210	682
2211	1082
2212	350
2213	179
2214	295
2215	227
2216	539
2217	3417
2218	7399
2219	340
2220	625
2221	228
2222	263
2223	288
2224	503
2225	744
2226	269
2227	1287
2228	827
2229	168
2230	221
2231	803
2232	411
2233	395
2234	1007
2235	215
2236	376
2237	366
2238	373
2239	1546
2240	475
2241	556
2242	806
2243	739
2244	194
2245	266
2246	938
2247	288
2248	9822
2249	1700
2250	1483
2251	397
2252	627
2253	767
2254	292
2255	395
2256	663
2257	187
2258	778
2259	377
2260	885
2261	1620
2262	255
2263	229
2264	265
2265	245
2266	939
2267	586
2268	505
2269	188
2270	220
2271	641
2272	159
2273	302
2274	554
2275	767
2276	869
2277	11353
2278	227
2279	601
2280	195
2281	567
2282	1236
2283	323
2284	409
2285	266
2286	230
2287	599
2288	270
2289	180
2290	245
2291	253
2292	177
2293	537
2294	249
2295	691
2296	487
2297	219
2298	1393
2299	456
2300	366
2301	192
2302	218
2303	933
2304	245
2305	803
2306	185
2307	803
2308	583
2309	212
2310	802
2311	520
2312	302
2313	153
2314	3044
2315	709
2316	228
2317	534
2318	748
2319	626
2320	5663
2321	330
2322	354
2323	788
2324	2527
2325	449
2326	2060
2327	439
2328	164
2329	755
2330	265
2331	520
2332	877
2333	688
2334	199
2335	5011
2336	259
2337	321
2338	177
2339	872
2340	880
2341	1512
2342	466
2343	259
2344	366
2345	480
2346	392
2347	487
2348	147
2349	340
2350	407
2351	564
2352	4840
2353	1728
2354	144
2355	403
2356	1322
2357	299
2358	162
2359	740
2360	758
2361	251
2362	4127
2363	5527
2364	390
2365	421
2366	1050
2367	749
2368	250
2369	327
2370	143
2371	251
2372	257
2373	204
2374	852
2375	332
2376	312
2377	669
2378	520
2379	299
2380	271
2381	420
2382	794
2383	391
2384	812
2385	170
2386	240
2387	471
2388	314
2389	1045
2390	339
2391	244
2392	406
2393	326
2394	2015
2395	198
2396	1187
2397	579
2398	718
2399	295
2400	1453
2401	222
2402	544
2403	585
2404	493
2405	413
2406	229
2407	477
2408	1322
2409	348
2410	310
2411	1623
2412	542
2413	345
2414	433
2415	781
2416	199
2417	203
2418	155
2419	316
2420	1538
2421	345
2422	1037
2423	417
2424	2268
2425	1093
2426	199
2427	414
2428	574
2429	803
2430	181
2431	445
2432	366
2433	190
2434	685
2435	287
2436	835
2437	222
2438	345
2439	2110
2440	356
2441	576
2442	358
2443	375
2444	327
2445	192
2446	1023
2447	1442
2448	2509
2449	2048
2450	506
2451	990
2452	130
2453	274
2454	173
2455	316
2456	300
2457	419
2458	1401
2459	434
2460	447
2461	473
2462	1279
2463	147
2464	3206
2465	227
2466	228
2467	274
2468	341
2469	216
2470	1406
2471	546
2472	748
2473	2226
2474	173
2475	353
2476	454
2477	521
2478	547
2479	265
2480	387
2481	521
2482	346
2483	1408
2484	1061
2485	202
2486	253
2487	208
2488	1069
2489	1668
2490	474
2491	398
2492	447
2493	307
2494	253
2495	589
2496	347
2497	325
2498	612
2499	575
2500	440
2501	269
2502	386
2503	3226
2504	472
2505	1050
2506	308
2507	634
2508	217
2509	339
2510	402
2511	406
2512	293
2513	165
2514	236
2515	160
2516	321
2517	191
2518	179
2519	388
2520	178
2521	692
2522	1558
2523	454
2524	531
2525	469
2526	729
2527	169
2528	801
2529	509
2530	304
2531	620
2532	754
2533	756
2534	2101
2535	2134
2536	3840
2537	411
2538	897
2539	620
2540	361
2541	627
2542	370
2543	219
2544	450
2545	360
2546	1897
2547	174
2548	287
2549	661
2550	205
2551	241
2552	407
2553	386
2554	3584
2555	229
2556	258
2557	156
2558	668
2559	333
2560	600
2561	1389
2562	4757
2563	1219
2564	4129
2565	384
2566	510
2567	860
2568	1360
2569	265
2570	576
2571	473
2572	264
2573	436
2574	479
2575	338
2576	293
2577	202
2578	853
2579	398
2580	2308
2581	241
2582	1708
2583	660
2584	521
2585	391
2586	914
2587	249
2588	163
2589	363
2590	320
2591	164
2592	568
2593	190
2594	252
2595	832
2596	190
2597	358
2598	183
2599	8964
2600	471
2601	375
2602	432
2603	1871
2604	218
2605	749
2606	494
2607	304
2608	401
2609	373
2610	281
2611	2098
2612	328
2613	3332
2614	4193
2615	334
2616	870
2617	387
2618	378
2619	386
2620	240
2621	460
2622	308
2623	369
2624	763
2625	215
2626	242
2627	194
2628	533
2629	559
2630	776
2631	349
2632	212
2633	583
2634	337
2635	756
2636	145
2637	1849
2638	660
2639	210
2640	292
2641	618
2642	2156
2643	324
2644	362
2645	269
2646	329
2647	484
2648	242
2649	193
2650	277
2651	178
2652	276
2653	1760
2654	491
2655	1261
2656	1356
2657	363
2658	617
2659	170
2660	746
2661	456
2662	257
2663	445
2664	520
2665	271
2666	749
2667	439
2668	2162
2669	479
2670	467
2671	2399
2672	285
2673	172
2674	303
2675	694
2676	414
2677	278
2678	163
2679	719
2680	1525
2681	717
2682	205
2683	789
2684	400
2685	520
2686	6902
2687	525
2688	1171
2689	468
2690	1112
2691	696
2692	418
2693	2036
2694	206
2695	418
2696	537
2697	633
2698	173
2699	1078
2700	378
2701	338
2702	202
2703	972
2704	694
2705	180
2706	186
2707	1662
2708	514
2709	436
2710	301
2711	171
2712	268
2713	377
2714	332
2715	581
2716	4607
2717	545
2718	308
2719	188
2720	266
2721	2495
2722	454
2723	581
2724	967
2725	707
2726	263
2727	628
2728	254
2729	299
2730	328
2731	626
2732	521
2733	166
2734	422
2735	423
2736	307
2737	208
2738	306
2739	552
2740	705
2741	240
2742	354
2743	1044
2744	749
2745	251
2746	298
2747	327
2748	1628
2749	342
2750	300
2751	211
2752	709
2753	151
2754	207
2755	488
2756	214
2757	359
2758	874
2759	1132
2760	165
2761	199
2762	385
2763	360
2764	267
2765	293
2766	179
2767	1723
2768	332
2769	316
2770	694
2771	433
2772	267
2773	1446
2774	338
2775	643
2776	933
2777	2298
2778	371
2779	419
2780	618
2781	367
2782	236
2783	617
2784	379
2785	853
2786	307
2787	159
2788	581
2789	1119
2790	1076
2791	467
2792	176
2793	1234
2794	192
2795	364
2796	357
2797	241
2798	304
2799	494
2800	185
2801	263
2802	193
2803	942
2804	732
2805	619
2806	582
2807	305
2808	139
2809	315
2810	889
2811	467
2812	686
2813	7304
2814	171
2815	202
2816	750
2817	493
2818	234
2819	311
2820	664
2821	152
2822	231
2823	334
2824	364
2825	241
2826	361
2827	1024
2828	406
2829	278
2830	220
2831	833
2832	970
2833	7568
2834	1676
2835	297
2836	172
2837	1507
2838	313
2839	240
2840	631
2841	266
2842	247
2843	739
2844	241
2845	4144
2846	998
2847	270
2848	289
2849	166
2850	727
2851	364
2852	337
2853	182
2854	362
2855	1453
2856	4658
2857	657
2858	401
2859	447
2860	369
2861	294
2862	363
2863	273
2864	245
2865	392
2866	760
2867	2248
2868	754
2869	1522
2870	370
2871	178
2872	562
2873	348
2874	170
2875	1514
2876	489
2877	224
2878	274
2879	1432
2880	280
2881	391
2882	347
2883	820
2884	992
2885	207
2886	240
2887	238
2888	220
2889	363
2890	182
2891	305
2892	482
2893	1249
2894	210
2895	634
2896	220
2897	2412
2898	1067
2899	515
2900	402
2901	389
2902	1811
2903	297
2904	1321
2905	620
2906	814
2907	456
2908	374
2909	881
2910	159
2911	5212
2912	230
2913	212
2914	445
2915	230
2916	886
2917	716
2918	904
2919	422
2920	236
2921	322
2922	303
2923	580
2924	371
2925	243
2926	220
2927	307
2928	216
2929	743
2930	1955
2931	167
2932	752
2933	172
2934	238
2935	1669
2936	194
2937	704
2938	361
2939	168
2940	243
2941	2606
2942	165
2943	457
2944	1526
2945	593
2946	521
2947	631
2948	847
2949	608
2950	1916
2951	317
2952	495
2953	370
2954	285
2955	1044
2956	168
2957	598
2958	174
2959	478
2960	204
2961	532
2962	236
2963	263
2964	3439
2965	301
2966	271
2967	284
2968	650
2969	330
2970	239
2971	584
2972	245
2973	831
2974	924
2975	617
2976	1464
2977	921
2978	713
2979	299
2980	752
2981	612
2982	666
2983	352
2984	242
2985	431
2986	270
2987	1176
2988	323
2989	265
2990	457
2991	164
2992	1103
2993	1044
2994	202
2995	1909
2996	800
2997	1127
2998	999
2999	390
3000	705
3001	322
3002	1487
3003	160
3004	408
3005	322
3006	325
3007	350
3008	318
3009	391
3010	350
3011	1181
3012	1747
3013	310
3014	304
3015	224
3016	146
3017	882
3018	610
3019	1078
3020	151
3021	1126
3022	468
3023	263
3024	176
3025	230
3026	1778
3027	281
3028	366
3029	165
3030	978
3031	1071
3032	626
3033	193
3034	389
3035	335
3036	288
3037	513
3038	1961
3039	628
3040	314
3041	164
3042	646
3043	323
3044	602
3045	323
3046	182
3047	348
3048	189
3049	232
3050	162
3051	516
3052	387
3053	207
3054	324
3055	2441
3056	906
3057	474
3058	502
3059	308
3060	333
3061	286
3062	344
3063	466
3064	248
3065	295
3066	732
3067	263
3068	347
3069	270
3070	336
3071	350
3072	941
3073	166
3074	187
3075	854
3076	171
3077	1576
3078	753
3079	398
3080	281
3081	422
3082	230
3083	829
3084	1183
3085	771
3086	215
3087	1619
3088	572
3089	548
3090	326
3091	771
3092	415
3093	166
3094	964
3095	338
3096	264
3097	155
3098	764
3099	647
3100	151
3101	1093
3102	673
3103	1460
3104	780
3105	542
3106	515
3107	265
3108	430
3109	292
3110	186
3111	157
3112	172
3113	222
3114	1365
3115	450
3116	268
3117	170
3118	211
3119	895
3120	200
3121	318
3122	290
3123	948
3124	364
3125	261
3126	847
3127	521
3128	409
3129	297
3130	864
3131	148
3132	547
3133	327
3134	235
3135	255
3136	419
3137	419
3138	3999
3139	1449
3140	323
3141	284
3142	319
3143	703
3144	386
3145	256
3146	1792
3147	290
3148	727
3149	469
3150	832
3151	224
3152	260
3153	765
3154	230
3155	292
3156	570
3157	209
3158	280
3159	836
3160	1054
3161	584
3162	236
3163	156
3164	355
3165	602
3166	943
3167	3359
3168	319
3169	1710
3170	1475
3171	420
3172	445
3173	433
3174	375
3175	476
3176	307
3177	204
3178	324
3179	2177
3180	303
3181	178
3182	546
3183	226
3184	1180
3185	3053
3186	955
3187	508
3188	720
3189	620
3190	170
3191	1421
3192	366
3193	320
3194	242
3195	320
3196	1795
3197	153
3198	488
3199	302
3200	342
3201	1829
3202	299
3203	552
3204	250
3205	279
3206	962
3207	1296
3208	2184
3209	1443
3210	296
3211	161
3212	160
3213	511
3214	217
3215	375
3216	11535
3217	1877
3218	168
3219	679
3220	1819
3221	312
3222	205
3223	384
3224	673
3225	389
3226	174
3227	1521
3228	311
3229	749
3230	149
3231	3524
3232	1974
3233	209
3234	287
3235	436
3236	285
3237	187
3238	826
3239	1506
3240	367
3241	657
3242	245
3243	757
3244	883
3245	244
3246	130
3247	491
3248	164
3249	862
3250	578
3251	209
3252	376
3253	331
3254	706
3255	649
3256	189
3257	939
3258	661
3259	233
3260	623
3261	1549
3262	726
3263	730
3264	431
3265	237
3266	805
3267	670
3268	286
3269	3271
3270	251
3271	1629
3272	284
3273	219
3274	176
3275	296
3276	952
3277	339
3278	758
3279	275
3280	1061
3281	183
3282	304
3283	258
3284	474
3285	14085
3286	324
3287	248
3288	263
3289	710
3290	859
3291	686
3292	851
3293	529
3294	432
3295	193
3296	1126
3297	645
3298	456
3299	1405
3300	1013
3301	388
3302	161
3303	267
3304	757
3305	589
3306	672
3307	172
3308	2156
3309	655
3310	509
3311	2458
3312	576
3313	445
3314	659
3315	280
3316	1427
3317	247
3318	575
3319	1010
3320	233
3321	182
3322	354
3323	475
3324	298
3325	243
3326	365
3327	328
3328	452
3329	516
3330	266
3331	410
3332	604
3333	8415
3334	224
3335	843
3336	1789
3337	429
3338	334
3339	624
3340	609
3341	1700
3342	278
3343	1571
3344	528
3345	366
3346	298
3347	218
3348	188
3349	2020
3350	1005
3351	198
3352	1007
3353	171
3354	282
3355	409
3356	218
3357	1259
3358	185
3359	1296
3360	407
3361	528
3362	290
3363	330
3364	1016
3365	282
3366	260
3367	594
3368	4398
3369	377
3370	192
3371	1354
3372	680
3373	738
3374	314
3375	856
3376	354
3377	1390
3378	731
3379	459
3380	443
3381	315
3382	198
3383	217
3384	643
3385	164
3386	152
3387	1775
3388	386
3389	286
3390	7093
3391	410
3392	1466
3393	299
3394	554
3395	837
3396	281
3397	338
3398	461
3399	411
3400	355
3401	860
3402	490
3403	376
3404	498
3405	229
3406	254
3407	359
3408	927
3409	461
3410	255
3411	232
3412	179
3413	404
3414	496
3415	513
3416	360
3417	281
3418	1045
3419	296
3420	416
3421	445
3422	194
3423	1616
3424	345
3425	163
3426	346
3427	200
3428	933
3429	303
3430	581
3431	409
3432	1049
3433	1132
3434	229
3435	259
3436	164
3437	477
3438	2112
3439	569
3440	798
3441	1354
3442	705
3443	619
3444	224
3445	168
3446	512
3447	271
3448	232
3449	930
3450	565
3451	586
3452	317
3453	332
3454	1341
3455	503
3456	232
3457	302
3458	171
3459	414
3460	714
3461	2529
3462	510
3463	255
3464	195
3465	490
3466	269
3467	166
3468	522
3469	363
3470	241
3471	225
3472	838
3473	376
3474	607
3475	648
3476	692
3477	570
3478	311
3479	597
3480	520
3481	175
3482	324
3483	183
3484	514
3485	466
3486	3120
3487	802
3488	439
3489	712
3490	511
3491	2071
3492	302
3493	1037
3494	341
3495	208
3496	1058
3497	170
3498	609
3499	268
3500	790
3501	276
3502	229
3503	1812
3504	1338
3505	521
3506	2546
3507	535
3508	1502
3509	377
3510	190
3511	333
3512	291
3513	431
3514	248
3515	2482
3516	925
3517	466
3518	191
3519	937
3520	1512
3521	1731
3522	391
3523	1301
3524	493
3525	337
3526	229
3527	2969
3528	237
3529	421
3530	271
3531	651
3532	1996
3533	256
3534	14214
3535	2594
3536	399
3537	251
3538	765
3539	1146
3540	195
3541	556
3542	380
3543	458
3544	747
3545	264
3546	1014
3547	367
3548	188
3549	291
3550	431
3551	588
3552	914
3553	411
3554	330
3555	1240
3556	284
3557	231
3558	377
3559	376
3560	1205
3561	2338
3562	331
3563	437
3564	530
3565	565
3566	539
3567	153
3568	231
3569	933
3570	246
3571	786
3572	239
3573	674
3574	192
3575	773
3576	148
3577	195
3578	211
3579	505
3580	302
3581	248
3582	270
3583	778
3584	300
3585	263
3586	206
3587	247
3588	225
3589	231
3590	217
3591	249
3592	163
3593	373
3594	1108
3595	350
3596	384
3597	330
3598	353
3599	438
3600	672
3601	171
3602	310
3603	336
3604	500
3605	173
3606	319
3607	955
3608	512
3609	1232
3610	453
3611	218
3612	458
3613	272
3614	1312
3615	675
3616	583
3617	369
3618	312
3619	854
3620	1591
3621	2191
3622	424
3623	1732
3624	1180
3625	2075
3626	396
3627	883
3628	354
3629	878
3630	330
3631	1042
3632	1231
3633	312
3634	276
3635	166
3636	161
3637	323
3638	321
3639	928
3640	172
3641	891
3642	688
3643	1158
3644	433
3645	813
3646	359
3647	759
3648	451
3649	618
3650	588
3651	310
3652	799
3653	256
3654	528
3655	403
3656	407
3657	662
3658	213
3659	2605
3660	815
3661	1596
3662	691
3663	315
3664	168
3665	175
3666	211
3667	1198
3668	336
3669	479
3670	191
3671	1586
3672	1089
3673	190
3674	1176
3675	541
3676	1017
3677	287
3678	961
3679	213
3680	422
3681	192
3682	346
3683	394
3684	336
3685	223
3686	295
3687	144
3688	292
3689	207
3690	405
3691	1837
3692	463
3693	1230
3694	664
3695	187
3696	4406
3697	376
3698	194
3699	1081
3700	268
3701	569
3702	693
3703	325
3704	330
3705	166
3706	730
3707	1769
3708	425
3709	592
3710	261
3711	303
3712	663
3713	2541
3714	398
3715	221
3716	1359
3717	292
3718	270
3719	354
3720	430
3721	1039
3722	434
3723	240
3724	276
3725	136
3726	589
3727	603
3728	149
3729	620
3730	404
3731	431
3732	410
3733	222
3734	765
3735	881
3736	201
3737	625
3738	699
3739	217
3740	713
3741	628
3742	733
3743	275
3744	349
3745	807
3746	685
3747	351
3748	310
3749	791
3750	1591
3751	372
3752	275
3753	599
3754	454
3755	247
3756	378
3757	832
3758	321
3759	487
3760	201
3761	175
3762	303
3763	289
3764	820
3765	632
3766	535
3767	234
3768	812
3769	807
3770	601
3771	8120
3772	165
3773	177
3774	618
3775	1159
3776	315
3777	223
3778	297
3779	326
3780	317
3781	631
3782	539
3783	838
3784	1489
3785	611
3786	768
3787	381
3788	1267
3789	913
3790	881
3791	2881
3792	275
3793	535
3794	5051
3795	375
3796	422
3797	968
3798	395
3799	898
3800	517
3801	227
3802	302
3803	410
3804	324
3805	576
3806	494
3807	307
3808	388
3809	198
3810	397
3811	229
3812	622
3813	290
3814	280
3815	314
3816	449
3817	169
3818	315
3819	1227
3820	636
3821	265
3822	389
3823	280
3824	302
3825	1373
3826	1409
3827	276
3828	461
3829	584
3830	345
3831	852
3832	341
3833	531
3834	302
3835	696
3836	1667
3837	349
3838	226
3839	216
3840	303
3841	364
3842	456
3843	208
3844	221
3845	421
3846	2118
3847	201
3848	297
3849	327
3850	255
3851	427
3852	227
3853	418
3854	249
3855	847
3856	217
3857	351
3858	175
3859	198
3860	5374
3861	178
3862	432
3863	383
3864	340
3865	1042
3866	288
3867	313
3868	171
3869	240
3870	219
3871	229
3872	1133
3873	2800
3874	1109
3875	219
3876	4091
3877	690
3878	418
3879	10513
3880	1147
3881	1016
3882	1924
3883	480
3884	1408
3885	330
3886	1566
3887	444
3888	446
3889	2648
3890	446
3891	1131
3892	5069
3893	433
3894	292
3895	518
3896	862
3897	225
3898	227
3899	224
3900	462
3901	896
3902	223
3903	206
3904	1887
3905	584
3906	368
3907	447
3908	584
3909	205
3910	145
3911	157
3912	443
3913	658
3914	687
3915	502
3916	168
3917	483
3918	264
3919	264
3920	293
3921	165
3922	182
3923	1304
3924	769
3925	492
3926	317
3927	1573
3928	311
3929	1092
3930	220
3931	456
3932	397
3933	238
3934	235
3935	348
3936	625
3937	146
3938	2886
3939	271
3940	2437
3941	482
3942	765
3943	1306
3944	1822
3945	226
3946	148
3947	1365
3948	288
3949	233
3950	297
3951	1070
3952	265
3953	1204
3954	166
3955	348
3956	181
3957	668
3958	409
3959	559
3960	291
3961	661
3962	5258
3963	5370
3964	1414
3965	635
3966	614
3967	522
3968	3146
3969	4563
3970	238
3971	412
3972	943
3973	993
3974	469
3975	1338
3976	1013
3977	787
3978	2302
3979	403
3980	600
3981	1685
3982	319
3983	482
3984	1074
3985	4712
3986	327
3987	356
3988	401
3989	275
3990	1494
3991	519
3992	1230
3993	1458
3994	303
3995	264
3996	1085
3997	1355
3998	1166
3999	1588
4000	393
4001	256
4002	261
4003	233
4004	1031
4005	949
4006	804
4007	498
4008	1144
4009	3257
4010	682
4011	202
4012	1682
4013	1353
4014	12248
4015	6073
4016	203
4017	1647
4018	493
4019	6413
4020	780
4021	201
4022	3422
4023	278
4024	1579
4025	314
4026	258
4027	964
4028	211
4029	3643
4030	789
4031	1097
4032	375
4033	407
4034	2197
4035	4903
4036	1722
4037	7994
4038	265
4039	3152
4040	401
4041	229
4042	3592
4043	382
4044	289
4045	1148
4046	643
4047	417
4048	2411
4049	153
4050	24260
4051	6795
4052	529
4053	282
4054	229
4055	578
4056	1148
4057	1028
4058	1972
4059	945
4060	2234
4061	326
4062	368
4063	213
4064	246
4065	273
4066	4253
4067	371
4068	280
4069	469
4070	1257
4071	647
4072	549
4073	1254
4074	510
4075	801
4076	812
4077	1075
4078	727
4079	2680
4080	530
4081	465
4082	1563
4083	1178
4084	249
4085	6658
4086	848
4087	1574
4088	743
4089	173
4090	2440
4091	303
4092	601
4093	256
4094	176
4095	169
4096	351
4097	703
4098	279
4099	1835
4100	181
4101	455
4102	1389
4103	448
4104	3535
4105	705
4106	761
4107	510
4108	463
4109	691
4110	337
4111	551
4112	565
4113	703
4114	328
4115	462
4116	360
4117	758
4118	190
4119	171
4120	260
4121	442
4122	841
4123	392
4124	353
4125	267
4126	369
4127	524
4128	336
4129	316
4130	328
4131	193
4132	302
4133	2815
4134	227
4135	288
4136	553
4137	364
4138	1354
4139	251
4140	1029
4141	749
4142	336
4143	1335
4144	357
4145	627
4146	357
4147	1277
4148	1320
4149	2940
4150	1021
4151	676
4152	238
4153	359
4154	439
4155	700
4156	1095
4157	901
4158	966
4159	1495
4160	325
4161	488
4162	418
4163	402
4164	623
4165	816
4166	959
4167	220
4168	218
4169	711
4170	3362
4171	448
4172	488
4173	349
4174	419
4175	1668
4176	222
4177	257
4178	594
4179	640
4180	412
4181	507
4182	1447
4183	341
4184	691
4185	220
4186	293
4187	460
4188	380
4189	584
4190	332
4191	219
4192	662
4193	452
4194	619
4195	224
4196	222
4197	258
4198	204
4199	467
4200	210
4201	728
4202	560
4203	572
4204	498
4205	267
4206	704
4207	233
4208	564
4209	244
4210	338
4211	1067
4212	1254
4213	891
4214	413
4215	429
4216	587
4217	211
4218	566
4219	680
4220	1131
4221	644
4222	432
4223	1947
4224	5290
4225	776
4226	267
4227	1082
4228	339
4229	336
4230	156
4231	280
4232	174
4233	288
4234	393
4235	381
4236	300
4237	247
4238	334
4239	236
4240	1144
4241	858
4242	437
4243	390
4244	389
4245	302
4246	868
4247	659
4248	306
4249	261
4250	368
4251	1272
4252	687
4253	467
4254	249
4255	624
4256	303
4257	292
4258	1813
4259	184
4260	404
4261	340
4262	259
4263	1856
4264	422
4265	2044
4266	153
4267	371
4268	272
4269	195
4270	167
4271	835
4272	675
4273	289
4274	270
4275	354
4276	238
4277	227
4278	269
4279	827
4280	468
4281	753
4282	224
4283	1059
4284	262
4285	1092
4286	287
4287	315
4288	252
4289	425
4290	1702
4291	347
4292	168
4293	562
4294	569
4295	271
4296	186
4297	1415
4298	361
4299	326
4300	1037
4301	263
4302	274
4303	508
4304	1048
4305	810
4306	345
4307	610
4308	1065
4309	1004
4310	743
4311	177
4312	240
4313	289
4314	161
4315	294
4316	604
4317	835
4318	184
4319	797
4320	663
4321	195
4322	182
4323	179
4324	347
4325	2894
4326	1043
4327	214
4328	348
4329	451
4330	1311
4331	1360
4332	395
4333	309
4334	2974
4335	586
4336	346
4337	162
4338	192
4339	464
4340	318
4341	243
4342	302
4343	617
4344	324
4345	703
4346	370
4347	806
4348	428
4349	938
4350	199
4351	352
4352	166
4353	823
4354	797
4355	246
4356	214
4357	345
4358	276
4359	272
4360	442
4361	783
4362	577
4363	263
4364	156
4365	280
4366	276
4367	248
4368	182
4369	234
4370	333
4371	241
4372	168
4373	1071
4374	452
4375	554
4376	422
4377	148
4378	326
4379	200
4380	2381
4381	388
4382	456
4383	1721
4384	421
4385	409
4386	479
4387	386
4388	996
4389	503
4390	2505
4391	169
4392	319
4393	312
4394	891
4395	411
4396	576
4397	612
4398	1534
4399	348
4400	321
4401	247
4402	1719
4403	158
4404	240
4405	725
4406	1192
4407	622
4408	398
4409	176
4410	348
4411	373
4412	342
4413	382
4414	3210
4415	851
4416	809
4417	214
4418	389
4419	200
4420	421
4421	744
4422	551
4423	529
4424	227
4425	251
4426	2011
4427	200
4428	5333
4429	577
4430	768
4431	507
4432	502
4433	219
4434	218
4435	267
4436	186
4437	431
4438	618
4439	488
4440	2720
4441	204
4442	266
4443	282
4444	436
4445	524
4446	451
4447	601
4448	305
4449	364
4450	484
4451	265
4452	417
4453	363
4454	547
4455	443
4456	294
4457	388
4458	653
4459	276
4460	147
4461	1243
4462	243
4463	523
4464	1219
4465	763
4466	2316
4467	787
4468	573
4469	255
4470	202
4471	377
4472	147
4473	293
4474	461
4475	452
4476	1721
4477	218
4478	493
4479	562
4480	165
4481	3533
4482	219
4483	528
4484	148
4485	320
4486	164
4487	139
4488	126
4489	235
4490	238
4491	2152
4492	295
4493	1295
4494	1244
4495	154
4496	4231
4497	501
4498	530
4499	276
4500	825
4501	325
4502	721
4503	1614
4504	537
4505	724
4506	897
4507	268
4508	205
4509	428
4510	232
4511	618
4512	1172
4513	433
4514	139
4515	607
4516	257
4517	215
4518	604
4519	390
4520	276
4521	769
4522	293
4523	505
4524	583
4525	372
4526	333
4527	414
4528	359
4529	226
4530	184
4531	145
4532	375
4533	521
4534	1236
4535	1919
4536	2808
4537	496
4538	373
4539	594
4540	344
4541	968
4542	296
4543	442
4544	539
4545	469
4546	296
4547	599
4548	488
4549	515
4550	1563
4551	274
4552	540
4553	711
4554	448
4555	318
4556	508
4557	234
4558	1433
4559	636
4560	1046
4561	368
4562	191
4563	2948
4564	298
4565	189
4566	749
4567	282
4568	177
4569	372
4570	151
4571	1224
4572	355
4573	377
4574	287
4575	887
4576	732
4577	477
4578	221
4579	342
4580	174
4581	1266
4582	255
4583	849
4584	276
4585	616
4586	541
4587	775
4588	327
4589	529
4590	385
4591	784
4592	348
4593	338
4594	737
4595	174
4596	316
4597	222
4598	211
4599	192
4600	220
4601	212
4602	860
4603	371
4604	301
4605	7726
4606	315
4607	969
4608	173
4609	1670
4610	224
4611	202
4612	427
4613	207
4614	499
4615	321
4616	158
4617	1878
4618	2186
4619	740
4620	503
4621	330
4622	144
4623	209
4624	880
4625	1655
4626	450
4627	326
4628	244
4629	267
4630	158
4631	514
4632	1997
4633	506
4634	356
4635	402
4636	428
4637	450
4638	297
4639	172
4640	2807
4641	319
4642	150
4643	592
4644	278
4645	744
4646	202
4647	1011
4648	174
4649	205
4650	490
4651	172
4652	447
4653	390
4654	638
4655	318
4656	2627
4657	391
4658	525
4659	342
4660	196
4661	476
4662	303
4663	932
4664	280
4665	4910
4666	1503
4667	639
4668	142
4669	302
4670	197
4671	619
4672	368
4673	938
4674	355
4675	312
4676	209
4677	193
4678	336
4679	7338
4680	268
4681	203
4682	781
4683	447
4684	806
4685	204
4686	324
4687	413
4688	268
4689	1381
4690	173
4691	472
4692	164
4693	168
4694	275
4695	368
4696	390
4697	1399
4698	739
4699	910
4700	774
4701	324
4702	423
4703	552
4704	1061
4705	409
4706	564
4707	590
4708	549
4709	261
4710	1589
4711	1815
4712	850
4713	468
4714	203
4715	306
4716	189
4717	634
4718	664
4719	800
4720	10091
4721	513
4722	370
4723	398
4724	167
4725	576
4726	511
4727	1035
4728	450
4729	834
4730	403
4731	212
4732	838
4733	295
4734	208
4735	930
4736	327
4737	706
4738	167
4739	1510
4740	193
4741	411
4742	1105
4743	316
4744	183
4745	236
4746	316
4747	374
4748	275
4749	677
4750	207
4751	2030
4752	450
4753	190
4754	393
4755	316
4756	253
4757	678
4758	220
4759	551
4760	287
4761	392
4762	184
4763	577
4764	207
4765	214
4766	848
4767	178
4768	172
4769	429
4770	617
4771	1459
4772	316
4773	667
4774	221
4775	426
4776	441
4777	1496
4778	472
4779	294
4780	1656
4781	499
4782	281
4783	1415
4784	1071
4785	255
4786	245
4787	449
4788	286
4789	190
4790	459
4791	5191
4792	600
4793	208
4794	432
4795	561
4796	321
4797	773
4798	793
4799	228
4800	1532
4801	288
4802	756
4803	221
4804	282
4805	1060
4806	224
4807	216
4808	311
4809	539
4810	1047
4811	762
4812	1409
4813	218
4814	245
4815	250
4816	345
4817	558
4818	655
4819	640
4820	1783
4821	389
4822	1423
4823	1599
4824	269
4825	225
4826	327
4827	747
4828	363
4829	572
4830	189
4831	462
4832	239
4833	285
4834	236
4835	246
4836	271
4837	644
4838	239
4839	276
4840	489
4841	848
4842	517
4843	257
4844	538
4845	810
4846	204
4847	2500
4848	284
4849	1016
4850	466
4851	700
4852	325
4853	213
4854	821
4855	937
4856	251
4857	267
4858	894
4859	424
4860	941
4861	195
4862	375
4863	417
4864	390
4865	355
4866	407
4867	363
4868	152
4869	293
4870	626
4871	3961
4872	339
4873	252
4874	420
4875	879
4876	547
4877	532
4878	420
4879	418
4880	294
4881	617
4882	256
4883	664
4884	374
4885	219
4886	363
4887	361
4888	1179
4889	3789
4890	304
4891	285
4892	282
4893	1063
4894	578
4895	398
4896	160
4897	1148
4898	394
4899	258
4900	665
4901	698
4902	3051
4903	1369
4904	2204
4905	232
4906	568
4907	313
4908	324
4909	235
4910	299
4911	558
4912	283
4913	1359
4914	664
4915	304
4916	1368
4917	154
4918	474
4919	729
4920	518
4921	686
4922	290
4923	682
4924	420
4925	156
4926	216
4927	148
4928	534
4929	204
4930	212
4931	246
4932	787
4933	760
4934	267
4935	695
4936	1981
4937	385
4938	255
4939	994
4940	1377
4941	325
4942	331
4943	293
4944	248
4945	250
4946	467
4947	184
4948	556
4949	2396
4950	205
4951	348
4952	859
4953	161
4954	157
4955	371
4956	588
4957	907
4958	228
4959	563
4960	153
4961	473
4962	217
4963	1001
4964	339
4965	599
4966	562
4967	363
4968	423
4969	430
4970	1601
4971	460
4972	302
4973	666
4974	631
4975	168
4976	1275
4977	330
4978	390
4979	206
4980	211
4981	1773
4982	511
4983	203
4984	888
4985	241
4986	310
4987	463
4988	420
4989	506
4990	2077
4991	369
4992	497
4993	4833
4994	416
4995	1492
4996	269
4997	3630
4998	417
4999	191
5000	889
5001	929
5002	192
5003	261
5004	840
5005	1064
5006	239
5007	402
5008	454
5009	895
5010	401
5011	276
5012	517
5013	5820
5014	357
5015	354
5016	870
5017	222
5018	247
5019	748
5020	277
5021	185
5022	3045
5023	417
5024	249
5025	413
5026	267
5027	1419
5028	954
5029	400
5030	983
5031	679
5032	367
5033	5146
5034	858
5035	350
5036	403
5037	251
5038	864
5039	417
5040	293
5041	771
5042	1106
5043	656
5044	413
5045	380
5046	271
5047	913
5048	200
5049	562
5050	208
5051	243
5052	353
5053	210
5054	971
5055	329
5056	298
5057	3566
5058	316
5059	252
5060	1096
5061	359
5062	449
5063	215
5064	269
5065	322
5066	2686
5067	484
5068	138
5069	575
5070	253
5071	851
5072	940
5073	376
5074	227
5075	846
5076	356
5077	537
5078	216
5079	229
5080	421
5081	1745
5082	306
5083	3022
5084	275
5085	484
5086	1049
5087	247
5088	1124
5089	3166
5090	198
5091	255
5092	222
5093	460
5094	328
5095	927
5096	6359
5097	762
5098	883
5099	523
5100	607
5101	530
5102	642
5103	906
5104	239
5105	223
5106	195
5107	467
5108	387
5109	193
5110	392
5111	1763
5112	607
5113	422
5114	3454
5115	796
5116	5935
5117	199
5118	224
5119	221
5120	170
5121	296
5122	344
5123	2699
5124	1532
5125	191
5126	134
5127	171
5128	646
5129	208
5130	1019
5131	427
5132	269
5133	328
5134	749
5135	1498
5136	261
5137	342
5138	243
5139	652
5140	345
5141	161
5142	229
5143	818
5144	330
5145	144
5146	205
5147	1808
5148	1295
5149	146
5150	677
5151	609
5152	858
5153	340
5154	252
5155	264
5156	282
5157	1187
5158	298
5159	675
5160	1971
5161	1151
5162	517
5163	3688
5164	3457
5165	3103
5166	582
5167	363
5168	328
5169	694
5170	425
5171	3721
5172	239
5173	622
5174	2434
5175	825
5176	466
5177	710
5178	310
5179	215
5180	219
5181	157
5182	830
5183	530
5184	526
5185	375
5186	322
5187	215
5188	292
5189	528
5190	324
5191	167
5192	1228
5193	1308
5194	1165
5195	280
5196	1287
5197	217
5198	205
5199	407
5200	552
5201	249
5202	172
5203	589
5204	766
5205	357
5206	236
5207	652
5208	184
5209	564
5210	1792
5211	582
5212	828
5213	205
5214	1519
5215	1236
5216	1011
5217	1041
5218	973
5219	351
5220	1824
5221	406
5222	766
5223	168
5224	377
5225	158
5226	412
5227	766
5228	272
5229	1188
5230	1579
5231	9094
5232	143
5233	265
5234	356
5235	211
5236	933
5237	1450
5238	404
5239	314
5240	235
5241	278
5242	271
5243	398
5244	196
5245	1120
5246	1326
5247	281
5248	209
5249	184
5250	208
5251	163
5252	486
5253	288
5254	337
5255	200
5256	1640
5257	452
5258	241
5259	291
5260	713
5261	346
5262	296
5263	767
5264	656
5265	667
5266	270
5267	1111
5268	235
5269	171
5270	438
5271	233
5272	358
5273	1348
5274	158
5275	287
5276	190
5277	322
5278	331
5279	300
5280	276
5281	280
5282	420
5283	623
5284	274
5285	307
5286	145
5287	373
5288	1120
5289	190
5290	1132
5291	248
5292	269
5293	250
5294	137
5295	293
5296	636
5297	231
5298	208
5299	178
5300	141
5301	249
5302	343
5303	663
5304	704
5305	250
5306	163
5307	365
5308	949
5309	1588
5310	932
5311	614
5312	155
5313	145
5314	204
5315	878
5316	565
5317	417
5318	401
5319	1293
5320	167
5321	249
5322	811
5323	172
5324	428
5325	381
5326	175
5327	660
5328	344
5329	3084
5330	250
5331	566
5332	437
5333	930
5334	825
5335	485
5336	278
5337	570
5338	793
5339	335
5340	932
5341	944
5342	506
5343	341
5344	619
5345	751
5346	1172
5347	785
5348	997
5349	524
5350	908
5351	719
5352	275
5353	289
5354	417
5355	429
5356	246
5357	244
5358	215
5359	625
5360	2365
5361	203
5362	1380
5363	195
5364	309
5365	481
5366	188
5367	284
5368	813
5369	1387
5370	381
5371	438
5372	233
5373	225
5374	445
5375	364
5376	227
5377	2840
5378	506
5379	481
5380	899
5381	233
5382	631
5383	311
5384	2525
5385	223
5386	235
5387	412
5388	227
5389	261
5390	759
5391	176
5392	518
5393	436
5394	240
5395	633
5396	1215
5397	313
5398	977
5399	194
5400	191
5401	285
5402	2092
5403	281
5404	653
5405	782
5406	166
5407	417
5408	229
5409	292
5410	598
5411	621
5412	1081
5413	452
5414	288
5415	604
5416	1058
5417	327
5418	453
5419	174
5420	215
5421	210
5422	407
5423	325
5424	154
5425	220
5426	330
5427	646
5428	340
5429	7814
5430	1170
5431	279
5432	1600
5433	5893
5434	359
5435	225
5436	387
5437	844
5438	552
5439	458
5440	325
5441	588
5442	206
5443	416
5444	242
5445	412
5446	696
5447	445
5448	382
5449	2977
5450	988
5451	473
5452	477
5453	293
5454	178
5455	1187
5456	157
5457	250
5458	523
5459	6024
5460	983
5461	609
5462	230
5463	193
5464	840
5465	1330
5466	334
5467	212
5468	835
5469	179
5470	658
5471	313
5472	680
5473	589
5474	323
5475	168
5476	178
5477	339
5478	633
5479	325
5480	502
5481	745
5482	455
5483	338
5484	915
5485	348
5486	287
5487	864
5488	1878
5489	413
5490	2390
5491	358
5492	627
5493	1230
5494	393
5495	447
5496	2087
5497	238
5498	171
5499	1196
5500	252
5501	482
5502	504
5503	174
5504	322
5505	1324
5506	388
5507	489
5508	372
5509	377
5510	282
5511	245
5512	262
5513	147
5514	261
5515	196
5516	655
5517	224
5518	236
5519	1892
5520	710
5521	350
5522	350
5523	460
5524	960
5525	235
5526	184
5527	3144
5528	321
5529	247
5530	601
5531	1257
5532	370
5533	246
5534	171
5535	994
5536	265
5537	272
5538	328
5539	275
5540	339
5541	392
5542	374
5543	340
5544	273
5545	272
5546	588
5547	296
5548	1234
5549	655
5550	307
5551	414
5552	433
5553	329
5554	446
5555	325
5556	482
5557	403
5558	402
5559	146
5560	884
5561	1544
5562	243
5563	261
5564	1203
5565	226
5566	152
5567	301
5568	179
5569	304
5570	360
5571	457
5572	427
5573	438
5574	478
5575	189
5576	675
5577	1163
5578	170
5579	1650
5580	402
5581	814
5582	166
5583	647
5584	281
5585	931
5586	576
5587	184
5588	404
5589	3910
5590	1708
5591	279
5592	456
5593	1121
5594	430
5595	197
5596	2457
5597	300
5598	539
5599	387
5600	393
5601	201
5602	343
5603	155
5604	440
5605	293
5606	1225
5607	325
5608	352
5609	311
5610	272
5611	195
5612	295
5613	223
5614	2834
5615	278
5616	251
5617	868
5618	1904
5619	762
5620	1015
5621	611
5622	1152
5623	770
5624	1245
5625	794
5626	1010
5627	195
5628	883
5629	1042
5630	251
5631	712
5632	579
5633	263
5634	416
5635	1538
5636	2256
5637	346
5638	237
5639	321
5640	3181
5641	333
5642	298
5643	772
5644	347
5645	261
5646	210
5647	1100
5648	228
5649	505
5650	1070
5651	575
5652	254
5653	630
5654	428
5655	993
5656	210
5657	234
5658	644
5659	287
5660	923
5661	237
5662	212
5663	255
5664	425
5665	523
5666	217
5667	272
5668	163
5669	320
5670	1695
5671	462
5672	237
5673	373
5674	326
5675	406
5676	782
5677	505
5678	131
5679	262
5680	158
5681	962
5682	1993
5683	470
5684	524
5685	259
5686	651
5687	354
5688	1339
5689	310
5690	868
5691	1139
5692	897
5693	170
5694	164
5695	173
5696	168
5697	161
5698	745
5699	371
5700	183
5701	275
5702	203
5703	439
5704	760
5705	682
5706	421
5707	313
5708	530
5709	414
5710	2489
5711	195
5712	927
5713	1017
5714	502
5715	1059
5716	335
5717	816
5718	199
5719	713
5720	210
5721	1273
5722	742
5723	164
5724	214
5725	1230
5726	172
5727	399
5728	282
5729	225
5730	559
5731	437
5732	315
5733	313
5734	454
5735	625
5736	238
5737	331
5738	148
5739	927
5740	932
5741	965
5742	367
5743	203
5744	667
5745	169
5746	173
5747	160
5748	253
5749	620
5750	654
5751	598
5752	1198
5753	1860
5754	252
5755	491
5756	183
5757	365
5758	381
5759	242
5760	2580
5761	9147
5762	547
5763	201
5764	354
5765	227
5766	418
5767	868
5768	563
5769	553
5770	197
5771	309
5772	253
5773	373
5774	179
5775	224
5776	386
5777	717
5778	730
5779	173
5780	164
5781	299
5782	265
5783	749
5784	2797
5785	312
5786	524
5787	1245
5788	301
5789	759
5790	240
5791	1197
5792	367
5793	511
5794	190
5795	335
5796	283
5797	901
5798	337
5799	915
5800	3126
5801	255
5802	1178
5803	4056
5804	249
5805	318
5806	203
5807	695
5808	283
5809	467
5810	1363
5811	219
5812	143
5813	272
5814	682
5815	508
5816	1073
5817	189
5818	723
5819	474
5820	677
5821	601
5822	649
5823	334
5824	152
5825	1956
5826	480
5827	1000
5828	355
5829	245
5830	323
5831	552
5832	199
5833	674
5834	194
5835	1109
5836	292
5837	1583
5838	637
5839	4110
5840	226
5841	255
5842	224
5843	1843
5844	590
5845	280
5846	232
5847	423
5848	468
5849	1245
5850	825
5851	1048
5852	535
5853	574
5854	217
5855	762
5856	176
5857	385
5858	273
5859	244
5860	436
5861	293
5862	170
5863	252
5864	499
5865	558
5866	1030
5867	945
5868	877
5869	649
5870	472
5871	1952
5872	2959
5873	4822
5874	248
5875	707
5876	181
5877	178
5878	607
5879	256
5880	381
5881	1347
5882	285
5883	2056
5884	198
5885	255
5886	273
5887	2894
5888	408
5889	791
5890	1107
5891	728
5892	814
5893	311
5894	837
5895	777
5896	440
5897	301
5898	515
5899	1032
5900	613
5901	512
5902	403
5903	817
5904	208
5905	517
5906	271
5907	1837
5908	282
5909	574
5910	434
5911	257
5912	177
5913	221
5914	657
5915	308
5916	268
5917	333
5918	392
5919	408
5920	693
5921	646
5922	1583
5923	459
5924	323
5925	1824
5926	279
5927	1613
5928	351
5929	392
5930	350
5931	1184
5932	3592
5933	213
5934	155
5935	4612
5936	965
5937	1055
5938	178
5939	262
5940	870
5941	186
5942	649
5943	373
5944	173
5945	248
5946	506
5947	157
5948	1192
5949	503
5950	158
5951	859
5952	285
5953	1798
5954	7378
5955	480
5956	370
5957	784
5958	731
5959	410
5960	385
5961	220
5962	1085
5963	510
5964	274
5965	511
5966	213
5967	965
5968	605
5969	276
5970	412
5971	175
5972	255
5973	415
5974	187
5975	1073
5976	1119
5977	537
5978	286
5979	183
5980	1466
5981	709
5982	225
5983	223
5984	522
5985	2044
5986	373
5987	221
5988	366
5989	309
5990	237
5991	233
5992	804
5993	907
5994	1095
5995	9291
5996	154
5997	183
5998	477
5999	410
6000	166
6001	312
6002	202
6003	244
6004	644
6005	192
6006	193
6007	234
6008	520
6009	307
6010	685
6011	347
6012	2496
6013	175
6014	136
6015	395
6016	746
6017	339
6018	248
6019	186
6020	1118
6021	310
6022	382
6023	246
6024	192
6025	331
6026	505
6027	243
6028	468
6029	962
6030	730
6031	411
6032	678
6033	307
6034	301
6035	625
6036	584
6037	1219
6038	155
6039	524
6040	183
6041	2455
